$ANSIBLE_VAULT;1.1;AES256
65373162336537323664653235363638646665316335656430303435373534303838363261396432
3763636231653262633964333637343362633430303033300a303335356334626334336265663163
31663161663739336636656166353463363034636235303265616631333638633163383963623834
3237666630326632320a363932663536373737393433366330386138343831653132303134356638
38383764373636366263666236666239623833353935306561323864393461663430636131386131
32643063656335303463666161336133386133633862373039336266646664663534303861303734
33383437376662646364306566323936376431336465333538373338323464333938353434646163
31386437666466316462356133643835363339306365373663383465323232356534636164323437
37323035393833336361636436643630613730656561363263613533613032613639656462626137
39303266646363303263363038316236333733666336323565636230353331646436376561656132
62666435316131623736633338303431623962623935393764616664393933316631336561626165
33663038613163323462633864623236396564623635646534303434653061663831373933303131
37366563326664633433363232653066663736326661326233306136626565666135646238623861
65356464366231323662666531346266376564313930646262643239396565363163643431346638
36373264653139643537356132326536643261366231306634656330386230383362343839613835
32616437626162363461623235343166633230326437336233373731363237656430303362636339
35626463386165323432323163356562383535333438343531363138366466386532353038613164
37383637353634623633663661396132623631646631663766336665663930656133316139343561
36333237326333303062643038643666316630373162663638623261313466613861323963366432
31303066383735323862373062323166343032353530346539666438336234613135643036356563
64323639393462343164323634643864343965316136306132303037383961383139353332636638
62383464396630666261363461626666343062613934366662363335353237373264306561323561
34613538373765623265346131306462623561343665633732336439333564363364663265303237
62636265623364313935663265393332363731363361316436316263313539373562336663353163
33656631366539313034313838353463396337343539333566393434616137666338366536316238
39633937666433313231303639633563366265323138666565616532313533373533333766363163
33313862303162663461316263623934303434396430333564373130613338623332613836313139
33336532653033363661373562393939343736633739326566653834326239396231353431333837
37633430626337373730323635653035623232303464656165653561656261333066636439626361
31623761326338313562303636363234666531323462373163366165356533653664363065646636
63316363316164613332383162303330656666666136623033633537373237326261356464396638
63613037383263373863656664303039646131376637366237373765366665633663343333613338
63326431616164383665623464363532646266393935323235656438386130333366346563373431
64376337333034623337666532343333343266373438343662376366316366383364613934333965
37383462373831366263396331626334633764643166356633376231313763356133356234303036
34346534336433353730633136323133396339663939666466376631643266316663316139353333
37336632383837323038343830313733316230343935306266323633323962326238663039396566
37613764633564313735353362346237323833353263386531343534643761623662663365643539
39333462613534356438623232653832376431656431663939356433333431323363666262303834
64643639653864323063343966306337373165363231353035343232343761326463613635633766
62656632383138383937613764393962653231666231386330353631303239316332376130643761
64303161616533366230303936346366636530313266386234656463333461333633316539333336
64636662353332363563373064653835316465636334303464323465393532613661306232393765
66643030643632616237353064343261613964656163316463333064656133666236363565626163
37383838663433316630326132383634636361383965346236653032336636353239643335623833
38636236303161383031326437326163383734663934346135326435333432373937636463343132
38316165333434666636316461633336393561633336383534663632393564373866393161313364
63663766663866616339613633376638396436653565336135363032633434366162386138383439
62323037323337323539383034653738613138376562633231643734646230663836333538306636
65383262326162393439643133336165656566623864313939643439316363373061343562323766
33616461353234383734333736383039373738353362643266306161323237623434363262303433
37326330633131343633323363366130333263376537383366633731396437346336643762653737
34386135306332393664346632663863396239626361643562643766313866303832396362323963
61666539396564386463303632633866386662636562343061613265623034323034333335643532
66306131623833316366383437333833353833333731653033326663636631333764353839656663
32346238653438316437636461343130366662646134623934623338663163326432393937373238
33323662663434303338643833616532393339393630386666336639326136653236313161333838
34356436326338343565633963366533386236336137386464333937623338376362363435666437
36353466663063396663393563306364616135386333613738653033306436633762303163306631
66383063666561343865633166306237323438653462383865336537306466303361376562633866
64616563343331363930393733623734633236343732366431353863363332323330653362623637
66663265383365303663393862396665656633373537303034336237636636613239356630336261
64353161376237343764396634626165333662653633303934326633666337356365303035376532
63333866363638373263623462626239303065303130633164333566663935383839336238376130
61636231613564663066363864653438396266656366366431663031313663396162326163333163
64646436386366643033373562383261623764323965613262393462663230306530633936323631
39336336383134393030383037633639633063306138393962393633623231396534663863656266
30613234666563363037303966366430393536663637393137376436303961623064316261396661
31666264343532313537323362373234313063373338636431616533386639656338323032656432
66373766363436623937373030343839353135333933646431613038363236663535356566323031
32353534386132656430653430343364306337306661343666623631613239623435366239633332
38373863316136386563633830616135396133613266666535613234633238636536386536636233
65613335636334363536353934323464346134306633376332353032616331613666623061336631
66393561366335323532656234323835356132313637643531363531613538316332333531623161
63303834313764353066663563363365306436383039653161376466353533356232333435396465
37383531376634313533376232303366386362303239313566303233333338386134386133656439
35356433346338613434393361376431373461613230376334346233316336646238323932393133
66366139363431666464376332643735653135623465653937643139383632333831336330633235
37623236356337626131626461356662383938313032616232346232366232383330366431303837
30393939396234623861333337343833356132356230353661313533313832353963633531656462
31343663656263633938646130366137383130623138646134303231386638363835323333366266
66396636396330326331383466663733306665613537363738323434346332313632316361313732
65306538333363633837636637663261633163323332353636656662386337316365646138333333
64373262356261313832656461353230343162653263636531363936646265393661636661636437
64613134353630393037636464393335333436626239393138663861636330666134303236346261
39356434376238363235353639356233663430626262303038346163333738656235333436613965
61386339343762373532323832383632323866383137346430336637313432653865333136383366
37633332376365313136
